1305031790.645155 0.0 0.0 0.0 0.0 0.0 0.0 1.0
1305031790.713097 0.0029217086266726255 0.015057988464832306 -0.04844437167048454 -0.01973981037735939 0.004161033313721418 0.008064628578722477 0.9997645020484924
1305031790.845151 0.030617976561188698 0.036948662251234055 -0.033858515322208405 -0.06412843614816666 0.006814807653427124 0.03610816225409508 0.9972656965255737
1305031790.981159 0.06432472914457321 0.056345149874687195 0.07025096565485 -0.09566564112901688 0.01999576948583126 0.06669218093156815 0.9929754137992859
1305031791.181287 0.06548482924699783 0.0027438784018158913 0.06514108926057816 -0.004959207493811846 0.11464419960975647 0.09372264891862869 0.9889634847640991
1305031791.382161 0.06609459966421127 -0.029317043721675873 -0.057708293199539185 0.15976965427398682 0.2302301675081253 0.11154064536094666 0.9534301161766052
1305031791.713242 0.18766160309314728 -0.25001099705696106 0.07209376990795135 0.3721596300601959 0.31921958923339844 0.12182312458753586 0.8629931807518005
1305031791.845123 0.03976023569703102 -0.14630918204784393 -0.17890842258930206 0.42920976877212524 0.34300172328948975 0.10968565195798874 0.8283129334449768
1305031791.981259 -0.007020312827080488 -0.1847154200077057 -0.20850670337677002 0.4827004373073578 0.37514156103134155 0.10464247316122055 0.7844255566596985
1305031792.249088 -0.05054744333028793 -0.21903684735298157 -0.29066213965415955 0.5307737588882446 0.40148210525512695 0.07577169686555862 0.7425312399864197
1305031792.381062 -0.06824668496847153 -0.17824916541576385 -0.30102819204330444 0.5182273387908936 0.39843299984931946 0.07818771153688431 0.7527130842208862
1305031792.513052 -0.07399191707372665 -0.16452908515930176 -0.32000932097435 0.4677082598209381 0.3884636461734772 0.11552943289279938 0.785494863986969
1305031792.649254 -0.008428835310041904 -0.15665090084075928 -0.2910175919532776 0.4008072018623352 0.38389265537261963 0.15076816082000732 0.8180775046348572
1305031792.781106 -0.04853368550539017 -0.07883593440055847 -0.3164716958999634 0.33370038866996765 0.37834927439689636 0.18069200217723846 0.8443036079406738
1305031792.981139 -0.02326289936900139 -0.018973277881741524 -0.30135202407836914 0.2464594841003418 0.36380019783973694 0.23876415193080902 0.8659690618515015
1305031793.113126 -0.059573523700237274 0.037081390619277954 -0.30977243185043335 0.20527565479278564 0.3618331551551819 0.27833908796310425 0.8657186627388
1305031793.249128 -0.020077155902981758 0.06465625017881393 -0.29275038838386536 0.1642608642578125 0.37581491470336914 0.3054724633693695 0.8593431115150452
1305031793.381139 0.0345698744058609 0.09888816624879837 -0.24767978489398956 0.12661774456501007 0.3831482231616974 0.3360670208930969 0.851015567779541
1305031793.513246 0.01576719619333744 0.10884209722280502 -0.2371021807193756 0.08935486525297165 0.3919835686683655 0.3729296624660492 0.8362350463867188
1305031793.649429 0.047101400792598724 0.12326648086309433 -0.18809448182582855 0.0514577217400074 0.3912932574748993 0.42036744952201843 0.8170289397239685
1305031793.781106 0.013463225215673447 0.12656934559345245 -0.19821324944496155 0.017354784533381462 0.3834908902645111 0.46562641859054565 0.7973881363868713
1305031793.913043 0.038840197026729584 0.1179942861199379 -0.16802506148815155 -0.013547220267355442 0.38160139322280884 0.5024979710578918 0.7756896615028381
1305031794.049085 0.18069201707839966 0.16208645701408386 -0.05036930367350578 -0.04242969676852226 0.37583380937576294 0.5328174829483032 0.7570045590400696
1305031794.181114 0.32727915048599243 0.2115059494972229 0.04325680062174797 -0.05416009575128555 0.3732362389564514 0.5510604381561279 0.7443746328353882
1305031794.313689 0.22392912209033966 0.12549448013305664 -0.12159313261508942 -0.016022780910134315 0.40440118312835693 0.5308082103729248 0.7446125149726868
1305031794.448978 0.15115882456302643 0.06393666565418243 -0.2052515149116516 0.0268737580627203 0.4409134089946747 0.4940568506717682 0.7488531470298767
1305031794.581098 0.180100679397583 0.06505591422319412 -0.23030535876750946 0.07567642629146576 0.46817919611930847 0.4718672037124634 0.7432528138160706
1305031794.713569 0.25734010338783264 0.0712953731417656 -0.2467765212059021 0.11298643797636032 0.5265570282936096 0.4385511577129364 0.7194764614105225
1305031807.517475 -0.17173579335212708 0.18623889982700348 0.10307569056749344 -0.039266351610422134 -0.15183010697364807 -0.1909784972667694 0.9689849615097046
1305031807.649399 -0.18329285085201263 0.15688751637935638 0.004033604636788368 0.05716772377490997 -0.11602857708930969 -0.16342377662658691 0.9780396819114685
1305031807.781497 -0.203879714012146 0.1297985166311264 -0.04197666794061661 0.14087441563606262 -0.09741029143333435 -0.13703033328056335 0.975647509098053
1305031807.917395 -0.19351240992546082 0.13548864424228668 -0.1324179470539093 0.21378354728221893 -0.09495364129543304 -0.11773227900266647 0.965100109577179
1305031808.049392 -0.19993753731250763 0.10913818329572678 -0.16359737515449524 0.2743596136569977 -0.09930071234703064 -0.09932317584753036 0.9513154029846191
1305031808.181601 -0.21498937904834747 0.047962211072444916 -0.1466064602136612 0.3417925238609314 -0.1086786761879921 -0.08588557690382004 0.9295116066932678
1305031808.317395 -0.2099377065896988 -0.0009430261561647058 -0.15390294790267944 0.3988685607910156 -0.12342196702957153 -0.08203138411045074 0.9049542546272278
1305031808.449356 -0.19516007602214813 0.0069296881556510925 -0.21176034212112427 0.44957974553108215 -0.1274033784866333 -0.0765727311372757 0.8807860612869263
1305031808.581470 -0.16976474225521088 0.04471868276596069 -0.27523666620254517 0.4928814768791199 -0.1271010935306549 -0.06328247487545013 0.8584340810775757
1305031808.717501 -0.14081043004989624 0.051243074238300323 -0.3082141578197479 0.5302187204360962 -0.10261042416095734 -0.047223616391420364 0.8403024077415466
1305031808.849389 -0.11664767563343048 0.049201324582099915 -0.32619190216064453 0.5527455806732178 -0.058186355978250504 -0.03548802062869072 0.8305596113204956
1305031808.981550 -0.09616957604885101 0.06799260526895523 -0.33801233768463135 0.5125676989555359 -0.018405409529805183 -0.027997218072414398 0.8579935431480408
1305031809.117517 -0.0909845158457756 0.11776747554540634 -0.3200073540210724 0.456695020198822 0.015638049691915512 -0.020511090755462646 0.8892492651939392
1305031809.249425 -0.09638901799917221 0.0696120411157608 -0.21690645813941956 0.4022216796875 0.05299826338887215 0.0015859337290748954 0.9140055775642395
1305031809.381405 -0.10595842450857162 0.1026156023144722 -0.1870029717683792 0.3408832550048828 0.07586252689361572 0.02219642698764801 0.9367765188217163
1305031809.517383 -0.1224197968840599 0.10255616158246994 -0.138063445687294 0.28910571336746216 0.08542384207248688 0.0363226979970932 0.9527860879898071
1305031809.649447 -0.13283668458461761 0.13611219823360443 -0.150258868932724 0.24806536734104156 0.09506037831306458 0.03894709050655365 0.9632813930511475
1305031809.781560 -0.14916767179965973 0.18833479285240173 -0.2351667582988739 0.20536693930625916 0.09932862222194672 0.05049097165465355 0.9723216891288757
1305031809.917383 -0.15148861706256866 0.19950658082962036 -0.18050213158130646 0.1631748229265213 0.11217066645622253 0.06445495039224625 0.9780793786048889
1305031810.049474 -0.15162308514118195 0.22271083295345306 -0.1760658621788025 0.11876635998487473 0.12449175119400024 0.08058632910251617 0.9817861914634705
1305031810.181557 -0.1399087905883789 0.24087734520435333 -0.14422056078910828 0.0806579440832138 0.1380438208580017 0.09246262162923813 0.9827974438667297
1305031810.317488 -0.124990314245224 0.26380491256713867 -0.14047782123088837 0.036845386028289795 0.1465882509946823 0.09819258749485016 0.9836223721504211
1305031810.449427 -0.10412780940532684 0.29018816351890564 -0.1515575349330902 -0.001561471726745367 0.14681769907474518 0.11602446436882019 0.9823348522186279
1305031810.585416 -0.07692041248083115 0.303503155708313 -0.12142706662416458 -0.049555644392967224 0.155819371342659 0.13212381303310394 0.9776548743247986
1305031810.717449 -0.04811352491378784 0.2990446984767914 -0.06515517085790634 -0.06473851203918457 0.17674465477466583 0.15571126341819763 0.9697045087814331
1305031810.849415 -0.03708091378211975 0.294527143239975 -0.11512106657028198 -0.020359238609671593 0.21193328499794006 0.16884241998195648 0.9623746275901794
1305031810.985423 -0.06459829211235046 0.3003118932247162 -0.20149803161621094 0.05338145047426224 0.2562556862831116 0.17043189704418182 0.9499684572219849
1305031811.117449 -0.07328425347805023 0.30444958806037903 -0.245754674077034 0.11821851134300232 0.28736183047294617 0.17622999846935272 0.934019923210144
1305031811.249459 -0.030803076922893524 0.2772504687309265 -0.22518585622310638 0.16070905327796936 0.31701892614364624 0.17372438311576843 0.9184187650680542
1305031811.385421 -0.03195850923657417 0.23815295100212097 -0.25256288051605225 0.21897920966148376 0.35703787207603455 0.17296762764453888 0.8914358019828796
1305031811.517423 -0.08300401270389557 0.23489724099636078 -0.3001658618450165 0.28176337480545044 0.39321082830429077 0.15846732258796692 0.860746443271637
1305031811.649459 -0.1004239171743393 0.1721910685300827 -0.29900285601615906 0.33322620391845703 0.42915135622024536 0.15218278765678406 0.8256111741065979
1305031811.785416 -0.09206661581993103 0.12324008345603943 -0.30898991227149963 0.38428735733032227 0.44282177090644836 0.14260946214199066 0.797432541847229
1305031811.917451 -0.059694804251194 0.03716203570365906 -0.3251042068004608 0.4219445288181305 0.4535095989704132 0.13458122313022614 0.7734225392341614
1305031812.049451 -0.21356630325317383 0.088505819439888 -0.35629332065582275 0.46401211619377136 0.4697623550891876 0.12215661257505417 0.7410095930099487
1305031812.185398 -0.24652314186096191 0.08530954271554947 -0.4024019241333008 0.4939826428890228 0.4838021695613861 0.10640840232372284 0.7145598530769348
1305031812.317439 -0.3187653720378876 0.11848071217536926 -0.4077818691730499 0.519088864326477 0.49590182304382324 0.10329294204711914 0.6884489059448242
1305031812.449401 -0.3504337966442108 0.125941663980484 -0.4473908841609955 0.5250487327575684 0.5210416913032532 0.10012295842170715 0.6654450297355652
1305031812.585434 -0.38403865694999695 0.1561499685049057 -0.46702122688293457 0.48908165097236633 0.5429386496543884 0.1162165030837059 0.6726920008659363
1305031812.717447 -0.3834228813648224 0.19669868052005768 -0.47049835324287415 0.44006457924842834 0.5577963590621948 0.14766941964626312 0.6880433559417725
1305031812.849411 -0.2458144575357437 0.20366662740707397 -0.5082672238349915 0.38444843888282776 0.552830696105957 0.18808874487876892 0.7149855494499207
1305031812.985457 -0.22277626395225525 0.22689493000507355 -0.5091818571090698 0.3275213837623596 0.549830436706543 0.23606088757514954 0.7312268614768982
1305031813.117438 -0.10848892480134964 0.276373952627182 -0.4602275788784027 0.2788802981376648 0.5312485694885254 0.2849980592727661 0.7475160360336304
1305031813.249435 -0.14541500806808472 0.31471407413482666 -0.4231773912906647 0.23148314654827118 0.5049973726272583 0.32946452498435974 0.7634446620941162
1305031813.385390 -0.1341170370578766 0.34941810369491577 -0.38347557187080383 0.18402455747127533 0.4864147901535034 0.36533820629119873 0.7720525860786438
1305031813.517402 -0.14588281512260437 0.382689505815506 -0.3575165271759033 0.13224966824054718 0.4668976664543152 0.4063832759857178 0.7741897702217102
1305031813.649317 -0.16502273082733154 0.40434297919273376 -0.3378443121910095 0.08082032948732376 0.45576009154319763 0.434510201215744 0.7726274132728577
1305031813.785473 -0.23472651839256287 0.3970613181591034 -0.344692200422287 0.03852438926696777 0.44087979197502136 0.4559463560581207 0.7721762657165527
1305031813.917420 -0.3182714879512787 0.3787369430065155 -0.36129510402679443 -0.009316997602581978 0.4129997789859772 0.48842233419418335 0.7686285972595215
1305031814.049397 -0.19861909747123718 0.44560685753822327 -0.23827394843101501 -0.044483523815870285 0.39252573251724243 0.5287451148033142 0.7512492537498474
1305031814.185515 0.051385778933763504 0.5474692583084106 -0.03728770464658737 -0.070978544652462 0.38527369499206543 0.5685116052627563 0.7234106659889221
1305031814.317389 -0.16920875012874603 0.4261743724346161 -0.27239808440208435 -0.006129565183073282 0.43753987550735474 0.5627467036247253 0.7013127207756042
1305031814.449403 -0.16732211410999298 0.4218664765357971 -0.29836323857307434 0.03842491656541824 0.495668888092041 0.5620047450065613 0.6610506772994995
1305031814.585485 -0.18365754187107086 0.41344574093818665 -0.3402835428714752 0.07295341789722443 0.5622825026512146 0.5512592792510986 0.6120718717575073
1305031814.717506 -0.23274007439613342 0.3796767592430115 -0.3900397717952728 0.11215553432703018 0.6243129968643188 0.5255111455917358 0.5670046210289001
1305031814.849469 -0.2425518035888672 0.37489110231399536 -0.41544410586357117 0.1351061463356018 0.6673027873039246 0.49616122245788574 0.5387765765190125
1305031814.985407 -0.24092254042625427 0.36561721563339233 -0.4329768717288971 0.15489965677261353 0.7038684487342834 0.4663201570510864 0.5129551291465759
1305031815.117774 -0.2475060224533081 0.3507295846939087 -0.44437330961227417 0.1799525022506714 0.7213332653045654 0.448050320148468 0.4965372085571289
1305031815.249490 -0.23976737260818481 0.34930419921875 -0.459225058555603 0.20143692195415497 0.730836033821106 0.4270186722278595 0.4929095208644867
1305031815.385427 -0.28559938073158264 0.3107794523239136 -0.45786094665527344 0.21467097103595734 0.7528790831565857 0.39474302530288696 0.4809056520462036
1305031815.517598 -0.2405751496553421 0.33102697134017944 -0.4705736041069031 0.22780604660511017 0.763270378112793 0.3721059262752533 0.4765109717845917
1305031815.649511 -0.1524302214384079 0.36506128311157227 -0.48543667793273926 0.2321247011423111 0.7687873244285583 0.3630259931087494 0.4725453853607178
