1305031790.645155 [-1.2614174  -0.9329404   2.0175583  ...  0.8847904   0.66427183
  1.4213008 ] [0.93052787 0.9718193  0.9797015  ... 0.23845808 0.22282033 0.20192607]
1305031790.713097 [-1.1896898 -0.8941986  2.018682  ...  0.8510683  0.6378447  1.4245996] [0.8791788  0.9310235  0.9288283  ... 0.19933297 0.18163703 0.17151713]
1305031790.845151 [-0.96966887 -0.72235924  1.6275972  ...  0.8188551   0.61591643
  1.3555825 ] [0.68296486 0.7352815  0.7119452  ... 0.20600578 0.19070964 0.18212812]
1305031790.981159 [-0.81210995 -0.6203387   1.285912   ...  0.8589611   0.64312327
  1.2989451 ] [0.91286314 0.9674319  0.9808801  ... 0.22931032 0.2172202  0.19433862]
1305031791.181287 [-1.298423   -0.96273404  1.9977752  ...  0.9080726   0.68153703
  1.3999658 ] [0.99504447 0.9991714  0.9995639  ... 0.38333276 0.37304276 0.3157483 ]
1305031791.382161 [-1.2724571  -0.93539256  1.9843327  ...  0.8817516   0.6626009
  1.3970407 ] [0.9168358  0.96288633 0.97196287 ... 0.32448077 0.31204557 0.26979503]
1305031791.713242 [-1.0077928 -0.736032   1.3665949 ...  0.9879996  0.7314356  1.2925026] [0.9815214  0.9944193  0.99670285 ... 0.82488066 0.8394387  0.679929  ]
1305031791.845123 [-0.9767239  -0.7187558   1.4760832  ...  0.87561035  0.65169036
  1.3066227 ] [0.9078262  0.9517448  0.957848   ... 0.563194   0.5447478  0.43090641]
1305031791.981259 [-0.75659454 -0.54086626  1.1045005  ...  0.8729376   0.644225
  1.2844669 ] [0.92202204 0.9622478  0.9671504  ... 0.8515716  0.8826597  0.7568674 ]
1305031792.249088 [-0.85289276 -0.62069726  1.2327058  ...  1.0853282   0.8051692
  1.5911186 ] [0.2115416  0.22978574 0.23105843 ... 0.29118133 0.27622494 0.22865522]
1305031792.381062 [-0.8609009  -0.6337261   1.2745494  ...  1.0624772   0.79108775
  1.561718  ] [0.5805929 0.6164527 0.6111533 ... 0.7346043 0.7446405 0.6142864]
1305031792.513052 [-1.0793105 -0.7933419  1.6023202 ...  1.0810727  0.8027335  1.6177591] [0.45332885 0.41468024 0.42460042 ... 0.3452137  0.33112746 0.26358944]
1305031792.649254 [-0.9569093 -0.7068429  1.4126797 ...  0.9653842  0.717994   1.4372456] [0.73120606 0.80273306 0.81535447 ... 0.67357993 0.63419044 0.5166165 ]
1305031792.781106 [-0.91909236 -0.67914075  1.4205896  ...  0.8703781   0.6502054
  1.3709743 ] [0.3535338  0.36912793 0.38235393 ... 0.902996   0.9164926  0.78647083]
1305031792.981139 [-0.9071638  -0.66239583  1.4334191  ...  0.9761628   0.7300807
  1.5912973 ] [0.41788372 0.40808442 0.44052872 ... 0.44385597 0.42420286 0.35348192]
1305031793.113126 [-0.88729775 -0.66358745  1.4713429  ...  0.8882705   0.66433185
  1.5052655 ] [0.1979914  0.21560578 0.20868303 ... 0.31331927 0.28525785 0.2556595 ]
1305031793.249128 [-0.85184216 -0.62747836  1.4004754  ...  0.8632549   0.64237756
  1.4450281 ] [0.22103046 0.24095984 0.22471175 ... 0.17248933 0.15331784 0.14819539]
1305031793.381139 [-0.88279223 -0.6443343   1.4054104  ...  0.8492209   0.63361084
  1.3989172 ] [0.35266247 0.3626273  0.3692911  ... 0.20280808 0.18585782 0.17352831]
1305031793.513246 [-0.89840925 -0.67628586  1.5132722  ...  0.8128161   0.60880846
  1.3690219 ] [0.32294104 0.34179348 0.33548737 ... 0.17480934 0.1576906  0.15235758]
1305031793.649429 [-0.9549381 -0.7035362  1.5698287 ...  0.759294   0.5687322  1.2647895] [0.23184685 0.26360673 0.2600788  ... 0.2559561  0.24091737 0.2213114 ]
1305031793.781106 [-0.87303656 -0.6554684   1.5559466  ...  0.7452473   0.55731964
  1.299089  ] [0.47470367 0.45004398 0.45150542 ... 0.32745913 0.31115103 0.2767243 ]
1305031793.913043 [-0.9997524  -0.745082    1.7321448  ...  0.7413455   0.54561603
  1.2886002 ] [0.8066889  0.8551712  0.86603206 ... 0.39372984 0.3807629  0.33063626]
1305031794.049085 [-1.1553092  -0.84826463  1.810611   ...  0.75649375  0.560565
  1.2037412 ] [0.908639   0.95237905 0.962451   ... 0.40862694 0.39723173 0.32531705]
1305031794.181114 [-1.4258621  -1.0296367   1.9862581  ...  0.71196723  0.5255749
  1.0129195 ] [0.8156818  0.8574452  0.87452227 ... 0.2506451  0.2444632  0.21252921]
1305031794.313689 [-1.0582073 -0.7779378  1.7101421 ...  0.7181312  0.5310784  1.1519172] [0.8022287  0.85409164 0.8630327  ... 0.349828   0.33086902 0.27697232]
1305031794.448978 [-0.91577256 -0.67022836  1.5382283  ...  0.74438584  0.55810547
  1.2603804 ] [0.52465636 0.5048968  0.48838794 ... 0.19569659 0.17900339 0.16853935]
1305031794.581098 [-0.844654  -0.6128312  1.3713694 ...  0.7508483  0.5606538  1.240954 ] [0.42486656 0.4157168  0.4215067  ... 0.12501314 0.10821722 0.11218739]
1305031794.713569 [-0.8788121  -0.6357227   1.3319535  ...  0.8442026   0.63065803
  1.3131413 ] [0.6203197  0.6472105  0.6171803  ... 0.13500147 0.12098149 0.12129058]
1305031807.517475 [-0.7846707  -0.57802814  1.1703753  ...  1.015461    0.7689772
  1.5158218 ] [0.94698083 0.9790436  0.98626477 ... 0.69880605 0.69136286 0.5666877 ]
1305031807.649399 [-0.7244183 -0.5415296  1.1864929 ...  1.1264712  0.8474261  1.8144742] [0.97925466 0.99343175 0.9944015  ... 0.8510744  0.88467896 0.77073747]
1305031807.781497 [-1.3698943 -1.0555296  2.3183548 ...  1.1957836  0.9001445  1.9720476] [0.992126   0.99840444 0.9989849  ... 0.8802653  0.90710604 0.7959026 ]
1305031807.917395 [-1.2828213  -0.9356354   2.152905   ...  0.5325614   0.3899654
  0.92045224] [0.89607126 0.93400043 0.9420888  ... 0.2777772  0.27201626 0.23521516]
1305031808.049392 [-1.2447412  -0.91948885  2.0770018  ...  1.0361788   0.7921525
  1.823662  ] [0.8817412  0.9268111  0.9367063  ... 0.86773384 0.8990115  0.81079865]
1305031808.181601 [-1.1827118  -0.86710554  1.8781486  ...  0.8612966   0.63992655
  1.3828566 ] [0.6741886  0.6964645  0.6895184  ... 0.6042809  0.71205604 0.6619316 ]
1305031808.317395 [-1.2683426  -0.9226337   1.9941804  ...  1.074379    0.80450547
  1.6977568 ] [0.72010684 0.7373325  0.7318984  ... 0.39999595 0.39649016 0.32749805]
1305031808.449356 [-1.1491412  -0.82840025  1.7958424  ...  1.0515913   0.7833595
  1.6555818 ] [0.25561178 0.28082776 0.30783635 ... 0.26651552 0.2560125  0.21478502]
1305031808.581470 [-0.9506976  -0.68637204  1.5168748  ...  1.0484567   0.7810127
  1.6703448 ] [0.18728672 0.18944734 0.17584501 ... 0.29267517 0.2815495  0.23248702]
1305031808.717501 [-0.8434024  -0.6096811   1.3298447  ...  1.0473669   0.78518116
  1.6914732 ] [0.15836109 0.1546331  0.14067861 ... 0.5284871  0.49442685 0.39473563]
1305031808.849389 [-0.8425806 -0.6097418  1.3135478 ...  1.0818675  0.8161697  1.7291791] [0.17915902 0.18065143 0.16876903 ... 0.9565626  0.9580566  0.86202353]
1305031808.981550 [-0.9244631  -0.67310977  1.4487971  ...  0.9913519   0.73970604
  1.563166  ] [0.19133104 0.19324039 0.18653737 ... 0.351521   0.34483388 0.2845895 ]
1305031809.117517 [-1.1532063  -0.85053545  1.8716085  ...  0.93412876  0.69289017
  1.5153952 ] [0.27911738 0.300143   0.30235848 ... 0.4186816  0.42026028 0.3529287 ]
1305031809.249425 [-1.3706377  -1.0124757   2.151428   ...  0.91919076  0.6807545
  1.4258198 ] [0.7371419  0.77110064 0.75061035 ... 0.50866777 0.49219424 0.40352437]
1305031809.381405 [-1.4072706  -1.0171314   2.1624112  ...  0.94829476  0.71898174
  1.5098805 ] [0.7395867 0.772084  0.7167971 ... 0.7851551 0.833856  0.7078551]
1305031809.517383 [-1.6534234  -1.209207    2.5826964  ...  1.0927378   0.83015925
  1.7222831 ] [0.99798226 0.99966407 0.99979705 ... 0.56469387 0.53309554 0.4504687 ]
1305031809.649447 [-1.6648602 -1.2409649  2.6889431 ...  1.1443684  0.8662881  1.8392549] [0.9787541  0.99363    0.9958469  ... 0.2820896  0.27034283 0.24937443]
1305031809.781560 [-1.7313151  -1.3225912   3.0233686  ...  1.0520774   0.79414135
  1.7903099 ] [0.9946174  0.99926895 0.9996494  ... 0.22476567 0.20711619 0.19554292]
1305031809.917383 [-1.5921378 -1.1748435  2.6819835 ...  1.0282122  0.7745114  1.7103508] [0.8949012  0.9367422  0.93989646 ... 0.185566   0.17002876 0.16524152]
1305031810.049474 [-1.3925481  -1.045157    2.3855193  ...  0.9574204   0.72045887
  1.6025889 ] [0.8342527  0.8818505  0.88112503 ... 0.16837797 0.15105185 0.1484673 ]
1305031810.181557 [-1.8138825  -1.348174    3.0201027  ...  0.907542    0.68222815
  1.4994676 ] [0.9056394  0.94687283 0.95435613 ... 0.14537044 0.12984365 0.12833907]
1305031810.317488 [-1.4141742  -1.0502795   2.377226   ...  0.86745465  0.6513685
  1.4295282 ] [0.96770835 0.9908336  0.99475104 ... 0.13645537 0.12108774 0.12169817]
1305031810.449427 [-1.195606   -0.9453773   2.2193165  ...  0.82095724  0.61601025
  1.3564342 ] [0.9788069  0.99564517 0.9966613  ... 0.14597379 0.13164082 0.12791985]
1305031810.585416 [-0.7623135  -0.5626132   1.2659302  ...  0.81762344  0.6141375
  1.3304467 ] [0.4614421  0.45341253 0.47103575 ... 0.17041437 0.154705   0.14970322]
1305031810.717449 [-0.6852953  -0.5110943   1.0955877  ...  0.80810547  0.6022318
  1.283126  ] [0.6587513  0.7144851  0.7256779  ... 0.17750098 0.16091356 0.15412027]
1305031810.849415 [-1.5749153 -1.267454   2.85435   ...  0.8274023  0.6197001  1.3456264] [0.9936429  0.998747   0.99894005 ... 0.15607807 0.14121473 0.1348991 ]
1305031810.985423 [-1.2594855  -0.91993964  2.089816   ...  0.8811364   0.66102356
  1.4749882 ] [0.8896747  0.9322797  0.9382703  ... 0.18110673 0.16257915 0.15593599]
1305031811.117449 [-1.3550768 -0.989971   2.2345483 ...  0.9087865  0.6825507  1.5215775] [0.59098303 0.5563215  0.58767503 ... 0.19046347 0.17138375 0.16412997]
1305031811.249459 [-1.3097916 -0.9662899  2.1019375 ...  0.9541171  0.7110962  1.5500802] [0.308835   0.3057931  0.3181476  ... 0.19807474 0.18585093 0.17590865]
1305031811.385421 [-1.2336075  -0.91122675  1.977333   ...  1.0506319   0.7850974
  1.7020487 ] [0.27293208 0.2950929  0.300637   ... 0.19827735 0.18369849 0.16808072]
1305031811.517423 [-1.1399485  -0.84139407  1.8381927  ...  1.1522149   0.8654156
  1.8814688 ] [0.24104132 0.28352135 0.28796443 ... 0.27835593 0.26023445 0.22587717]
1305031811.649459 [-1.1357694  -0.84351623  1.7948654  ...  1.0469637   0.7782387
  1.6840662 ] [0.28452596 0.30631498 0.31682763 ... 0.44748813 0.43091843 0.34671873]
1305031811.785416 [-0.95306665 -0.70608443  1.4794216  ...  0.88931584  0.6623079
  1.3781998 ] [0.45434144 0.42249003 0.42931995 ... 0.63067687 0.6043331  0.485324  ]
1305031811.917451 [-0.9695367  -0.71687675  1.4264339  ...  0.90260386  0.67686576
  1.339833  ] [0.5430492  0.5217905  0.49682772 ... 0.5629524  0.536097   0.41192877]
1305031812.049451 [-0.9740142  -0.7177466   1.5204062  ...  0.90002805  0.6811628
  1.4355186 ] [0.59914064 0.59718204 0.5743113  ... 0.6739621  0.6438379  0.49555218]
1305031812.185398 [-0.80254954 -0.5894005   1.2681305  ...  0.9348208   0.69111717
  1.4943961 ] [0.23320797 0.26019534 0.25571445 ... 0.4570128  0.44765717 0.37382868]
1305031812.317439 [-0.748242   -0.55373013  1.2249359  ...  1.0237038   0.77025765
  1.6817615 ] [0.23237316 0.25484684 0.23892765 ... 0.72265756 0.75271404 0.61824566]
1305031812.449401 [-0.8121059 -0.6016385  1.3164265 ...  1.1300316  0.8625638  1.8555825] [0.19825162 0.2101124  0.19071832 ... 0.76173604 0.81594706 0.67689455]
1305031812.585434 [-0.9072891 -0.6660078  1.4837335 ...  1.232287   0.9266984  2.0383878] [0.20131503 0.21176012 0.2008317  ... 0.4366707  0.40574706 0.3349646 ]
1305031812.717447 [-1.0622357  -0.7931253   1.7819997  ...  1.2173002   0.91983354
  2.0379016 ] [0.19677095 0.21979348 0.20569429 ... 0.69798577 0.66665626 0.57543343]
1305031812.849411 [-1.0576698  -0.7843178   1.6745863  ...  0.9961122   0.76352876
  1.6137887 ] [0.35601562 0.34839746 0.35257712 ... 0.99618405 0.99674135 0.9730444 ]
1305031812.985457 [-1.0381131  -0.77447563  1.6508931  ...  1.0225369   0.7739066
  1.6661694 ] [0.22216238 0.2614133  0.2513557  ... 0.9106612  0.922704   0.80215937]
1305031813.117438 [-1.0341513  -0.756183    1.5795364  ...  0.8907172   0.67894596
  1.389218  ] [0.19509228 0.20953466 0.18754517 ... 0.5168471  0.5102101  0.3997538 ]
1305031813.249435 [-1.0813677 -0.7938743  1.6884696 ...  1.0042124  0.7520706  1.5877621] [0.19621591 0.21753111 0.2011662  ... 0.18120825 0.1639305  0.15391858]
1305031813.385390 [-1.0909209  -0.8090423   1.7123495  ...  0.70131373  0.5242496
  1.0933982 ] [0.33974928 0.3375572  0.34254602 ... 0.8070157  0.8688565  0.71408665]
1305031813.517402 [-1.1115644  -0.825642    1.765489   ...  0.49709153  0.36138847
  0.77559465] [0.27764535 0.29774633 0.29900143 ... 0.34416047 0.35162017 0.29457438]
1305031813.649317 [-1.1554956  -0.8626786   1.890805   ...  0.80165476  0.6025676
  1.2968162 ] [0.21964312 0.24791744 0.23895817 ... 0.3364127  0.34164345 0.31641614]
1305031813.785473 [-1.2307068  -0.91881555  2.100474   ...  0.75738126  0.56329936
  1.2669613 ] [0.36319226 0.33420184 0.34038377 ... 0.2876912  0.2764318  0.2499549 ]
1305031813.917420 [-1.2640998  -0.96028674  2.2903826  ...  0.6142129   0.45732474
  1.099731  ] [0.85428816 0.9119295  0.91075486 ... 0.46125072 0.47735375 0.39896584]
1305031814.049397 [-1.261918   -0.9429612   2.060451   ...  0.71708447  0.5335564
  1.1602292 ] [0.8730637  0.928031   0.9371717  ... 0.54154974 0.54602087 0.44691032]
1305031814.185515 [-1.5278475 -1.0969841  1.9008188 ...  0.778798   0.5744014  0.9723673] [0.94522977 0.9735016  0.98177445 ... 0.45664307 0.46940714 0.35924768]
1305031814.317389 [-1.1794177  -0.8619263   1.9091824  ...  0.6770798   0.49990326
  1.0902263 ] [0.8739473  0.9143473  0.91896987 ... 0.2929149  0.2778038  0.24457672]
1305031814.449403 [-1.307717   -0.95443577  2.0864923  ...  0.720745    0.5383241
  1.1445819 ] [0.92195624 0.9568776  0.96102613 ... 0.35457286 0.34573203 0.29558077]
1305031814.585485 [-1.0644102  -0.79041576  1.6725122  ...  0.77598566  0.5953533
  1.228755  ] [0.67727417 0.70968926 0.69025546 ... 0.73296213 0.7924078  0.61576957]
1305031814.717506 [-1.2075133  -0.9020691   1.9896502  ...  0.39552936  0.29275793
  0.6354768 ] [0.77931637 0.8197292  0.8154567  ... 0.246152   0.23383002 0.20851582]
1305031814.849469 [-1.150774   -0.84893936  1.8469359  ...  0.46810082  0.34924555
  0.74368465] [0.3217663  0.32754394 0.3373466  ... 0.254452   0.2581608  0.2286416 ]
1305031814.985407 [-1.3206488  -0.97430295  2.12579    ...  0.49616787  0.36987054
  0.8095207 ] [0.9297942  0.9699351  0.9769388  ... 0.26704228 0.26917496 0.24513729]
1305031815.117774 [-1.2591076  -0.9299165   2.0139952  ...  0.5188601   0.38549182
  0.8490762 ] [0.6232892  0.61984545 0.5825828  ... 0.20706673 0.1972163  0.18011965]
1305031815.249490 [-1.2922515  -0.950021    2.0394325  ...  0.53188616  0.39399406
  0.83734095] [0.35474208 0.3389667  0.36367565 ... 0.41429457 0.4204199  0.33973402]
1305031815.385427 [-1.3773553 -1.0052538  2.198211  ...  0.6329972  0.4727639  1.0291543] [0.6372307  0.61820704 0.6124884  ... 0.24904563 0.22960325 0.20972052]
1305031815.517598 [-1.3010818  -0.9634487   2.0187995  ...  0.6711618   0.50717056
  1.0613799 ] [0.6699317  0.68991697 0.68048364 ... 0.60893697 0.6207561  0.505795  ]
1305031815.649511 [-1.3412337  -0.99345917  1.9741774  ...  0.71186954  0.54492617
  1.0814344 ] [0.59421885 0.5970917  0.5806426  ... 0.80874467 0.8442753  0.70181215]
