1305031790.645155 0.0 0.0 0.0 0.0 0.0 0.0 1.0
1305031790.713097 0.002921708859503269 0.01505798939615488 -0.04844437167048454 -0.01973981037735939 0.004161033313721418 0.008064629510045052 0.9997645020484924
1305031790.845151 0.030617976561188698 0.036948662251234055 -0.033858515322208405 -0.06412843614816666 0.006814807653427124 0.03610816225409508 0.9972656965255737
1305031790.981159 0.06432472169399261 0.056345149874687195 0.07025096565485 -0.09566564112901688 0.01999577134847641 0.06669218093156815 0.9929754137992859
1305031791.181287 0.06548482924699783 0.0027438760735094547 0.06514108180999756 -0.00495920842513442 0.11464419960975647 0.0937226414680481 0.9889634847640991
1305031791.382161 0.06609460711479187 -0.02931707724928856 -0.05770828574895859 0.15976963937282562 0.2302301675081253 0.11154065281152725 0.9534301161766052
1305031791.713242 0.18766158819198608 -0.2500109374523163 0.07209377735853195 0.3721596300601959 0.31921955943107605 0.12182311713695526 0.8629931807518005
1305031791.845123 0.039760198444128036 -0.14630910754203796 -0.17890837788581848 0.42920976877212524 0.34300175309181213 0.10968563705682755 0.8283129334449768
1305031791.981259 -0.007020319811999798 -0.18471530079841614 -0.20850659906864166 0.4827004671096802 0.37514156103134155 0.10464245080947876 0.7844255566596985
1305031792.249088 -0.05054740607738495 -0.21903668344020844 -0.29066190123558044 0.5307737588882446 0.40148207545280457 0.07577165961265564 0.7425311803817749
1305031792.381062 -0.06824664026498795 -0.17824901640415192 -0.30102798342704773 0.5182273387908936 0.39843299984931946 0.07818768918514252 0.7527130842208862
1305031792.513052 -0.07399186491966248 -0.16452889144420624 -0.32000911235809326 0.4677083194255829 0.3884636461734772 0.11552940309047699 0.785494863986969
1305031792.649254 -0.00842887070029974 -0.15665078163146973 -0.2910175025463104 0.4008072018623352 0.383892685174942 0.15076813101768494 0.8180775046348572
1305031792.781106 -0.048533737659454346 -0.07883582264184952 -0.316471666097641 0.33370041847229004 0.37834927439689636 0.18069200217723846 0.8443036079406738
1305031792.981139 -0.023262888193130493 -0.018973087891936302 -0.30135196447372437 0.246459499001503 0.36380016803741455 0.23876413702964783 0.8659690618515015
1305031793.113126 -0.059573568403720856 0.03708156198263168 -0.3097723126411438 0.20527566969394684 0.3618331551551819 0.27833908796310425 0.8657186627388
1305031793.249128 -0.0200771763920784 0.06465643644332886 -0.2927502691745758 0.1642608940601349 0.37581491470336914 0.3054724335670471 0.8593431115150452
1305031793.381139 0.03456983342766762 0.0988883525133133 -0.2476796656847 0.12661775946617126 0.3831482529640198 0.3360670208930969 0.851015567779541
1305031793.513246 0.015767162665724754 0.10884230583906174 -0.23710207641124725 0.08935490995645523 0.3919835686683655 0.3729296326637268 0.8362350463867188
1305031793.649429 0.04710135981440544 0.12326665222644806 -0.1880943775177002 0.051457736641168594 0.3912932574748993 0.42036741971969604 0.8170288801193237
1305031793.781106 0.013463175855576992 0.12656953930854797 -0.1982131153345108 0.017354816198349 0.3834909200668335 0.46562641859054565 0.7973881363868713
1305031793.913043 0.03884020075201988 0.11799445748329163 -0.16802498698234558 -0.013547207228839397 0.38160139322280884 0.5024979114532471 0.7756896615028381
1305031794.049085 0.1806919127702713 0.16208665072917938 -0.05036924406886101 -0.04242967441678047 0.3758338391780853 0.532817542552948 0.7570046186447144
1305031794.181114 0.3272790014743805 0.21150608360767365 0.04325682297348976 -0.054160069674253464 0.3732362389564514 0.5510604381561279 0.7443745732307434
1305031794.313689 0.22392906248569489 0.12549467384815216 -0.12159305065870285 -0.016022760421037674 0.40440118312835693 0.5308082103729248 0.7446125149726868
1305031794.448978 0.15115877985954285 0.06393691897392273 -0.20525141060352325 0.026873787865042686 0.4409133791923523 0.4940568208694458 0.7488530874252319
1305031794.581098 0.18010064959526062 0.06505613774061203 -0.2303052395582199 0.07567646354436874 0.4681791663169861 0.4718671441078186 0.7432527542114258
1305031794.713569 0.2573399841785431 0.0712956115603447 -0.24677638709545135 0.1129864826798439 0.5265570282936096 0.438551127910614 0.7194764018058777
1305031807.517475 -0.17173579335212708 0.18623889982700348 0.10307569056749344 -0.039266351610422134 -0.15183010697364807 -0.1909784972667694 0.9689849615097046
1305031807.649399 -0.18329285085201263 0.15688751637935638 0.004033603705465794 0.05716772377490997 -0.11602857708930969 -0.16342377662658691 0.9780396819114685
1305031807.781497 -0.203879714012146 0.1297985166311264 -0.04197666794061661 0.14087441563606262 -0.09741029143333435 -0.13703033328056335 0.975647509098053
1305031807.917395 -0.19351240992546082 0.1354886293411255 -0.1324179470539093 0.21378354728221893 -0.09495364129543304 -0.11773227900266647 0.965100109577179
1305031808.049392 -0.19993750751018524 0.10913818329572678 -0.16359736025333405 0.2743596136569977 -0.09930071234703064 -0.09932317584753036 0.9513154029846191
1305031808.181601 -0.21498939394950867 0.047962211072444916 -0.1466064751148224 0.3417925238609314 -0.1086786761879921 -0.08588557690382004 0.9295116066932678
1305031808.317395 -0.20993772149085999 -0.0009430296486243606 -0.15390296280384064 0.3988685607910156 -0.12342197448015213 -0.08203138411045074 0.9049542546272278
1305031808.449356 -0.19516007602214813 0.006929685827344656 -0.21176035702228546 0.44957974553108215 -0.1274033784866333 -0.0765727311372757 0.8807860612869263
1305031808.581470 -0.16976474225521088 0.04471869021654129 -0.27523666620254517 0.4928814768791199 -0.1271010935306549 -0.06328247487545013 0.8584340810775757
1305031808.717501 -0.14081040024757385 0.05124306678771973 -0.30821412801742554 0.5302187204360962 -0.10261043161153793 -0.04722360894083977 0.8403024077415466
1305031808.849389 -0.11664765328168869 0.04920131340622902 -0.32619190216064453 0.5527455806732178 -0.058186355978250504 -0.03548801690340042 0.8305596113204956
1305031808.981550 -0.09616955369710922 0.06799260526895523 -0.33801233768463135 0.5125676989555359 -0.018405411392450333 -0.0279972143471241 0.8579935431480408
1305031809.117517 -0.0909845381975174 0.11776749044656754 -0.32000741362571716 0.456695020198822 0.015638047829270363 -0.0205110851675272 0.8892492651939392
1305031809.249425 -0.09638902544975281 0.0696120336651802 -0.21690648794174194 0.4022216796875 0.05299825966358185 0.0015859401319175959 0.9140055775642395
1305031809.381405 -0.10595841705799103 0.10261556506156921 -0.1870030015707016 0.3408832550048828 0.07586252689361572 0.02219643071293831 0.9367765188217163
1305031809.517383 -0.1224198117852211 0.10255608707666397 -0.1380634903907776 0.28910571336746216 0.08542384207248688 0.0363227054476738 0.9527860879898071
1305031809.649447 -0.13283666968345642 0.13611218333244324 -0.150258868932724 0.24806536734104156 0.09506037831306458 0.03894709050655365 0.9632813930511475
1305031809.781560 -0.14916765689849854 0.18833477795124054 -0.2351667433977127 0.20536693930625916 0.09932862222194672 0.05049096792936325 0.9723216891288757
1305031809.917383 -0.15148860216140747 0.19950655102729797 -0.18050210177898407 0.1631748229265213 0.11217066645622253 0.06445495784282684 0.9780793786048889
1305031810.049474 -0.15162308514118195 0.22271081805229187 -0.1760658621788025 0.11876635998487473 0.12449175119400024 0.08058632910251617 0.9817861914634705
1305031810.181557 -0.1399087756872177 0.24087730050086975 -0.14422054588794708 0.0806579440832138 0.1380438208580017 0.09246262162923813 0.9827974438667297
1305031810.317488 -0.124990314245224 0.2638048827648163 -0.14047780632972717 0.036845386028289795 0.1465882509946823 0.09819258749485016 0.9836223721504211
1305031810.449427 -0.10412781685590744 0.29018816351890564 -0.15155752003192902 -0.0015614719595760107 0.14681769907474518 0.11602447181940079 0.9823348522186279
1305031810.585416 -0.07692042738199234 0.303503155708313 -0.12142705172300339 -0.04955564811825752 0.155819371342659 0.13212381303310394 0.9776548743247986
1305031810.717449 -0.04811352863907814 0.2990446984767914 -0.06515515595674515 -0.06473851203918457 0.17674466967582703 0.15571126341819763 0.9697045087814331
1305031810.849415 -0.03708091378211975 0.294527143239975 -0.11512105166912079 -0.020359231159090996 0.21193328499794006 0.1688424050807953 0.9623746275901794
1305031810.985423 -0.06459829956293106 0.30031195282936096 -0.20149803161621094 0.053381454199552536 0.2562556862831116 0.17043189704418182 0.9499684572219849
1305031811.117449 -0.07328423857688904 0.30444955825805664 -0.2457546591758728 0.11821850389242172 0.28736183047294617 0.17622998356819153 0.934019923210144
1305031811.249459 -0.03080308996140957 0.2772504687309265 -0.2251858115196228 0.16070905327796936 0.31701892614364624 0.17372438311576843 0.9184187650680542
1305031811.385421 -0.031958531588315964 0.23815298080444336 -0.25256285071372986 0.21897920966148376 0.35703787207603455 0.17296762764453888 0.8914358019828796
1305031811.517423 -0.08300402015447617 0.23489725589752197 -0.3001658618450165 0.28176334500312805 0.39321082830429077 0.15846732258796692 0.860746443271637
1305031811.649459 -0.10042385011911392 0.17219124734401703 -0.29900291562080383 0.33322620391845703 0.429151326417923 0.15218278765678406 0.8256111741065979
1305031811.785416 -0.09206660836935043 0.12324024736881256 -0.30898985266685486 0.38428738713264465 0.44282180070877075 0.14260943233966827 0.797432541847229
1305031811.917451 -0.059694793075323105 0.037162162363529205 -0.3251041769981384 0.4219445288181305 0.4535095691680908 0.13458119332790375 0.7734225392341614
1305031812.049451 -0.21356631815433502 0.08850590139627457 -0.35629335045814514 0.46401211619377136 0.4697623550891876 0.12215659022331238 0.7410095930099487
1305031812.185398 -0.24652312695980072 0.08530964702367783 -0.40240195393562317 0.4939826428890228 0.4838021695613861 0.10640839487314224 0.7145599126815796
1305031812.317439 -0.3187653422355652 0.11848076432943344 -0.4077818989753723 0.519088864326477 0.49590179324150085 0.10329293459653854 0.6884489059448242
1305031812.449401 -0.35043373703956604 0.12594173848628998 -0.4473908543586731 0.5250487327575684 0.5210416913032532 0.10012295097112656 0.6654450297355652
1305031812.585434 -0.3840385675430298 0.15615002810955048 -0.4670211672782898 0.48908165097236633 0.5429386496543884 0.11621648818254471 0.6726920008659363
1305031812.717447 -0.38342294096946716 0.19669874012470245 -0.4704981744289398 0.44006460905075073 0.5577963590621948 0.14766940474510193 0.6880434155464172
1305031812.849411 -0.24581444263458252 0.20366686582565308 -0.5082670450210571 0.38444846868515015 0.5528306365013123 0.18808870017528534 0.7149855494499207
1305031812.985457 -0.2227761298418045 0.2268952876329422 -0.509181559085846 0.3275213837623596 0.549830436706543 0.23606082797050476 0.7312268018722534
1305031813.117438 -0.10848893225193024 0.2763741910457611 -0.46022725105285645 0.2788802981376648 0.5312485098838806 0.28499796986579895 0.7475159764289856
1305031813.249435 -0.1454150378704071 0.31471413373947144 -0.4231770932674408 0.23148319125175476 0.5049974918365479 0.32946455478668213 0.763444721698761
1305031813.385390 -0.1341170072555542 0.34941810369491577 -0.38347533345222473 0.18402457237243652 0.4864147901535034 0.36533814668655396 0.772052526473999
1305031813.517402 -0.14588280022144318 0.3826894462108612 -0.3575163185596466 0.13224968314170837 0.4668976664543152 0.4063832461833954 0.7741897106170654
1305031813.649317 -0.16502271592617035 0.404342919588089 -0.33784404397010803 0.08082035183906555 0.45576012134552 0.434510201215744 0.7726274132728577
1305031813.785473 -0.2347264140844345 0.39706119894981384 -0.3446919918060303 0.03852437436580658 0.44087979197502136 0.4559463560581207 0.772176206111908
1305031813.917420 -0.3182714879512787 0.3787368834018707 -0.36129486560821533 -0.009316995739936829 0.41299983859062195 0.48842233419418335 0.7686285972595215
1305031814.049397 -0.19861900806427002 0.4456067383289337 -0.23827378451824188 -0.04448353499174118 0.39252573251724243 0.5287451148033142 0.7512492537498474
1305031814.185515 0.051385749131441116 0.5474691390991211 -0.03728758916258812 -0.070978544652462 0.38527369499206543 0.5685116052627563 0.7234106659889221
1305031814.317389 -0.16920870542526245 0.4261742830276489 -0.27239787578582764 -0.006129572633653879 0.4375399053096771 0.5627467036247253 0.7013127207756042
1305031814.449403 -0.1673220694065094 0.42186641693115234 -0.2983631193637848 0.03842492401599884 0.49566885828971863 0.562004804611206 0.6610506176948547
1305031814.585485 -0.18365761637687683 0.41344591975212097 -0.34028321504592896 0.0729534775018692 0.5622825622558594 0.5512592792510986 0.6120718121528625
1305031814.717506 -0.23273970186710358 0.37967610359191895 -0.39003944396972656 0.11215534806251526 0.6243131160736084 0.5255112051963806 0.5670044422149658
1305031814.849469 -0.24255190789699554 0.3748900890350342 -0.4154447317123413 0.1351061463356018 0.6673025488853455 0.49616149067878723 0.5387765765190125
1305031814.985407 -0.240922749042511 0.3656253516674042 -0.4329754114151001 0.15490134060382843 0.7038683295249939 0.4663192629814148 0.5129555463790894
1305031815.117774 -0.24749985337257385 0.3507143557071686 -0.4443677067756653 0.1799471527338028 0.7213359475135803 0.44804972410202026 0.4965357482433319
1305031815.249490 -0.23977680504322052 0.34928348660469055 -0.45924511551856995 0.20143842697143555 0.730830729007721 0.4270273745059967 0.49290910363197327
1305031815.385427 -0.28564122319221497 0.3109467029571533 -0.45779654383659363 0.21470244228839874 0.7528818845748901 0.3947148025035858 0.48091036081314087
1305031815.517598 -0.24037887156009674 0.33068332076072693 -0.47056764364242554 0.22770822048187256 0.7633022665977478 0.3721272647380829 0.4764898121356964
1305031815.649511 -0.152550607919693 0.36426493525505066 -0.48575979471206665 0.2321527600288391 0.7686985731124878 0.3632814288139343 0.4724797010421753
1305031815.785408 -0.1497313678264618 0.36499232053756714 -0.47911468148231506 0.2302449345588684 0.7691989541053772 0.36631909012794495 0.47024840116500854
